kinematics:
  shoulder:
    x: 0
    y: 0
    z: 0.1280471311543116
    roll: -0
    pitch: 0
    yaw: -8.84036344860953e-05
  upper_arm:
    x: -0.0001257118500169436
    y: 0
    z: 0
    roll: 1.57078737558869
    pitch: 0
    yaw: -4.801959010139437e-05
  forearm:
    x: -0.6126051306601812
    y: 0
    z: 0
    roll: 3.1249843528082
    pitch: 3.140562334922008
    yaw: -3.14156950608902
  wrist_1:
    x: -0.5713228418480425
    y: 0.0009011357425498047
    z: 0.163627174151608
    roll: 3.136085459341863
    pitch: -3.141283207518414
    yaw: -3.141550528392219
  wrist_2:
    x: 6.788007825291759e-05
    y: -0.1156007078099663
    z: 4.652435255657164e-06
    roll: 1.57075608106162
    pitch: 0
    yaw: -4.07947345889881e-05
  wrist_3:
    x: -2.946671435570999e-05
    y: 0.09229658565401737
    z: 8.379655158370644e-06
    roll: 1.570887117316301
    pitch: 3.141592653589793
    yaw: 3.141557925247798
  hash: calib_17001126097158863267